x y errorx errory
1.000000 2.221936 0.0 1.265100
51.000000 3.271023 0.0 1.433725
101.000000 3.838281 0.0 1.931281
151.000000 3.918141 0.0 2.890238
201.000000 3.589394 0.0 2.798317
251.000000 3.269935 0.0 2.889796
301.000000 3.136523 0.0 2.981120
351.000000 2.554717 0.0 2.904410
401.000000 2.538062 0.0 2.917679
451.000000 2.245433 0.0 2.349988
501.000000 2.071380 0.0 2.266758
551.000000 2.065803 0.0 2.276076
601.000000 1.980464 0.0 2.302216
651.000000 1.683542 0.0 2.281259
701.000000 1.663023 0.0 2.290146
751.000000 1.603590 0.0 2.053178
801.000000 1.496108 0.0 2.069585
851.000000 1.489155 0.0 2.073229
901.000000 1.470886 0.0 2.076350
951.000000 1.412364 0.0 2.095072
1001.000000 1.411648 0.0 2.100997
1051.000000 1.384441 0.0 2.103351
1101.000000 1.277517 0.0 1.865757
1151.000000 1.274738 0.0 1.867117
1201.000000 1.291334 0.0 1.891524
1251.000000 1.265887 0.0 1.902625
1301.000000 1.261334 0.0 1.904837
1351.000000 1.220440 0.0 1.888409
1401.000000 1.193706 0.0 1.900911
1451.000000 1.143704 0.0 1.879657
1501.000000 1.043510 0.0 1.604356
1551.000000 0.990563 0.0 1.602708
1601.000000 0.989761 0.0 1.603144
1651.000000 0.979150 0.0 1.605185
1701.000000 0.944445 0.0 1.606055
1751.000000 0.942995 0.0 1.606938
1801.000000 0.926243 0.0 1.605041
1851.000000 0.908112 0.0 1.610604
1901.000000 0.775524 0.0 1.241653
1951.000000 0.774278 0.0 1.242546
2001.000000 0.759808 0.0 1.246253
2051.000000 0.746950 0.0 1.246504
2101.000000 0.746689 0.0 1.246529
2151.000000 0.723834 0.0 1.249587
2201.000000 0.721551 0.0 1.250684
2251.000000 0.579940 0.0 0.857464
2301.000000 0.568503 0.0 0.859360
2351.000000 0.564971 0.0 0.860241
2401.000000 0.557016 0.0 0.860682
2451.000000 0.551381 0.0 0.863253
2501.000000 0.543560 0.0 0.863817
2551.000000 0.541693 0.0 0.864403
2601.000000 0.538811 0.0 0.865982
2651.000000 0.473469 0.0 0.692178
2701.000000 0.472073 0.0 0.692991
2751.000000 0.466622 0.0 0.693343
2801.000000 0.463926 0.0 0.692558
2851.000000 0.458060 0.0 0.693419
2901.000000 0.456284 0.0 0.694174
2951.000000 0.454854 0.0 0.694990
3001.000000 0.443285 0.0 0.693079
3051.000000 0.397239 0.0 0.566494
3101.000000 0.392828 0.0 0.566986
3151.000000 0.386093 0.0 0.565020
3201.000000 0.382915 0.0 0.564313
3251.000000 0.378447 0.0 0.565372
3301.000000 0.369481 0.0 0.561955
3351.000000 0.366377 0.0 0.562541
3401.000000 0.365954 0.0 0.562734
3451.000000 0.361156 0.0 0.563233
3501.000000 0.357771 0.0 0.567647
3551.000000 0.357337 0.0 0.567929
3601.000000 0.353446 0.0 0.568781
3651.000000 0.348731 0.0 0.568116
3701.000000 0.345440 0.0 0.569293
3751.000000 0.344871 0.0 0.569075
3801.000000 0.340153 0.0 0.568963
3851.000000 0.337888 0.0 0.569638
3901.000000 0.349158 0.0 0.606951
3951.000000 0.347136 0.0 0.607595
4001.000000 0.342879 0.0 0.607747
4051.000000 0.340280 0.0 0.608214
4101.000000 0.339947 0.0 0.608405
4151.000000 0.335439 0.0 0.608313
4201.000000 0.333968 0.0 0.608908
4251.000000 0.333330 0.0 0.609124
4301.000000 0.323619 0.0 0.595463
4351.000000 0.322891 0.0 0.595729
4401.000000 0.322882 0.0 0.595734
4451.000000 0.320315 0.0 0.596226
4501.000000 0.317523 0.0 0.596434
4551.000000 0.316386 0.0 0.596939
4601.000000 0.315098 0.0 0.596855
4651.000000 0.311533 0.0 0.597592
4701.000000 0.311204 0.0 0.597635
4751.000000 0.305320 0.0 0.583099
4801.000000 0.301914 0.0 0.583784
4851.000000 0.301910 0.0 0.583787
4901.000000 0.299818 0.0 0.584035
4951.000000 0.299710 0.0 0.584094
5001.000000 0.297245 0.0 0.584495
5051.000000 0.295684 0.0 0.584588
5101.000000 0.295476 0.0 0.584701
5151.000000 0.278578 0.0 0.542267
5201.000000 0.277344 0.0 0.542009
5251.000000 0.276525 0.0 0.542275
5301.000000 0.276347 0.0 0.542373
5351.000000 0.271852 0.0 0.541829
5401.000000 0.271326 0.0 0.542080
5451.000000 0.268802 0.0 0.541337
5501.000000 0.266686 0.0 0.541920
5551.000000 0.266296 0.0 0.541991
5601.000000 0.251367 0.0 0.502019
5651.000000 0.249371 0.0 0.502601
5701.000000 0.249052 0.0 0.502628
5751.000000 0.246775 0.0 0.502159
5801.000000 0.246295 0.0 0.502264
5851.000000 0.244671 0.0 0.502724
5901.000000 0.242589 0.0 0.502189
5951.000000 0.242393 0.0 0.502285
6001.000000 0.229234 0.0 0.467913
6051.000000 0.227543 0.0 0.467369
6101.000000 0.227156 0.0 0.467556
6151.000000 0.225739 0.0 0.467868
6201.000000 0.224186 0.0 0.467380
6251.000000 0.223517 0.0 0.467570
6301.000000 0.223485 0.0 0.467586
6351.000000 0.220534 0.0 0.467544
6401.000000 0.220380 0.0 0.467618
6451.000000 0.209710 0.0 0.436581
6501.000000 0.207459 0.0 0.436388
6551.000000 0.207292 0.0 0.436469
6601.000000 0.206795 0.0 0.436576
6651.000000 0.204477 0.0 0.436347
6701.000000 0.203843 0.0 0.436519
6751.000000 0.203843 0.0 0.436519
6801.000000 0.201511 0.0 0.435996
6851.000000 0.191327 0.0 0.408212
6901.000000 0.191019 0.0 0.408223
6951.000000 0.189035 0.0 0.407783
7001.000000 0.187912 0.0 0.408068
7051.000000 0.187787 0.0 0.408128
7101.000000 0.186084 0.0 0.407728
7151.000000 0.185018 0.0 0.408003
7201.000000 0.184917 0.0 0.408051
7251.000000 0.183028 0.0 0.407757
7301.000000 0.165609 0.0 0.354829
7351.000000 0.164730 0.0 0.355015
7401.000000 0.163271 0.0 0.354660
7451.000000 0.162767 0.0 0.354758
7501.000000 0.162248 0.0 0.354929
7551.000000 0.160818 0.0 0.354685
7601.000000 0.160408 0.0 0.354739
7651.000000 0.160339 0.0 0.354772
7701.000000 0.158303 0.0 0.354718
7751.000000 0.142761 0.0 0.306816
7801.000000 0.142301 0.0 0.306884
7851.000000 0.140695 0.0 0.306773
7901.000000 0.140341 0.0 0.306792
7951.000000 0.140249 0.0 0.306835
8001.000000 0.138755 0.0 0.306771
