i node1 node2 node3 node4 node5 node6 node7 node8 node9 node10
1.000000 9.209882 1.480954 4.030769 4.063020 0.000000 0.000000 0.000000 0.000000 0.000000 0.000000
11.000000 13.325754 12.784385 10.169514 11.422892 0.000000 0.000000 0.000000 0.000000 0.000000 0.000000
21.000000 38.433552 46.071002 40.509371 41.386376 0.000000 0.000000 0.000000 0.000000 0.000000 0.000000
31.000000 41.814761 40.888439 42.370398 41.651301 0.000000 0.000000 0.000000 0.000000 0.000000 0.000000
41.000000 29.701511 31.516155 31.224231 30.688058 0.000000 0.000000 0.000000 0.000000 0.000000 0.000000
51.000000 28.478957 30.672297 30.570035 29.840903 0.000000 0.000000 0.000000 0.000000 0.000000 0.000000
61.000000 28.154996 28.814578 29.046286 28.702112 0.000000 0.000000 0.000000 0.000000 0.000000 0.000000
71.000000 26.615624 26.011929 26.271090 26.350967 0.000000 0.000000 0.000000 0.000000 0.000000 0.000000
81.000000 25.004642 24.013191 24.165852 24.438343 0.000000 0.000000 0.000000 0.000000 0.000000 0.000000
91.000000 24.886142 24.069699 24.102074 24.390612 0.000000 0.000000 0.000000 0.000000 0.000000 0.000000
101.000000 27.059456 26.780287 26.720351 26.881533 0.000000 0.000000 0.000000 0.000000 0.000000 0.000000
111.000000 29.803926 30.074806 30.006169 29.969622 0.000000 0.000000 0.000000 0.000000 0.000000 0.000000
121.000000 29.580928 29.899276 29.892397 29.784737 0.000000 0.000000 0.000000 0.000000 0.000000 0.000000
131.000000 26.689076 26.779954 26.810129 26.752553 0.000000 0.000000 0.000000 0.000000 0.000000 0.000000
141.000000 23.795899 23.727219 23.761323 23.756327 0.000000 0.000000 0.000000 0.000000 0.000000 0.000000
151.000000 22.780629 22.639042 22.665504 22.691393 0.000000 0.000000 0.000000 0.000000 0.000000 0.000000
161.000000 25.178825 25.037917 25.050410 25.086702 0.000000 0.000000 0.000000 0.000000 0.000000 0.000000
171.000000 30.235663 30.195099 30.189851 30.206315 0.000000 0.000000 0.000000 0.000000 0.000000 0.000000
181.000000 31.698034 31.758472 31.748683 31.735777 0.000000 0.000000 0.000000 0.000000 0.000000 0.000000
191.000000 27.929504 27.983210 27.980514 27.965113 0.000000 0.000000 0.000000 0.000000 0.000000 0.000000
201.000000 23.486111 23.508468 23.511114 23.501804 0.000000 0.000000 0.000000 0.000000 0.000000 0.000000
211.000000 20.702762 20.703913 20.708559 20.705419 0.000000 0.000000 0.000000 0.000000 0.000000 0.000000
221.000000 21.400424 21.387170 21.384020 21.395201 0.000000 0.000000 0.000000 0.000000 0.000000 0.000000
231.000000 27.742320 27.723833 27.706687 27.733979 0.000000 0.000000 0.000000 0.000000 0.000000 0.000000
241.000000 34.303054 34.300750 34.296350 34.301859 0.000000 0.000000 0.000000 0.000000 0.000000 0.000000
251.000000 31.102325 31.111576 31.126262 31.106517 0.000000 0.000000 0.000000 0.000000 0.000000 0.000000
261.000000 24.754284 24.761516 24.775830 24.757599 0.000000 0.000000 0.000000 0.000000 0.000000 0.000000
271.000000 19.714757 19.719609 19.729770 19.716962 0.000000 0.000000 0.000000 0.000000 0.000000 0.000000
281.000000 16.720298 16.724224 16.726576 16.722035 0.000000 0.000000 0.000000 0.000000 0.000000 0.000000
291.000000 17.782199 17.786336 17.768968 17.783972 0.000000 0.000000 0.000000 0.000000 0.000000 0.000000
301.000000 27.776614 27.780256 27.731087 27.778096 0.000000 0.000000 0.000000 0.000000 0.000000 0.000000
311.000000 38.603032 38.601902 38.599630 38.602442 0.000000 0.000000 0.000000 0.000000 0.000000 0.000000
321.000000 31.874530 31.872581 31.903754 31.873721 0.000000 0.000000 0.000000 0.000000 0.000000 0.000000
331.000000 23.863165 23.862243 23.883762 23.862820 0.000000 0.000000 0.000000 0.000000 0.000000 0.000000
341.000000 18.219167 18.218679 18.234332 18.219010 0.000000 0.000000 0.000000 0.000000 0.000000 0.000000
351.000000 14.115240 14.114935 14.126188 14.115166 0.000000 0.000000 0.000000 0.000000 0.000000 0.000000
361.000000 11.612051 11.611872 11.617377 11.612031 0.000000 0.000000 0.000000 0.000000 0.000000 0.000000
371.000000 12.725334 12.725430 12.714116 12.725415 0.000000 0.000000 0.000000 0.000000 0.000000 0.000000
381.000000 25.686798 25.687386 25.629448 25.687052 0.000000 0.000000 0.000000 0.000000 0.000000 0.000000
391.000000 43.754839 43.754864 43.749953 43.754835 0.000000 0.000000 0.000000 0.000000 0.000000 0.000000
401.000000 33.113363 33.113285 33.139034 33.114740 0.000000 0.000000 0.000000 0.000000 0.000000 0.000000
411.000000 25.276010 25.275995 25.284834 25.275942 0.000000 0.000000 0.000000 0.000000 0.000000 0.000000
421.000000 21.841840 21.841825 21.852189 21.841068 0.000000 0.000000 0.000000 0.000000 0.000000 0.000000
431.000000 22.013827 22.013808 22.025831 22.012933 0.000000 0.000000 0.000000 0.000000 0.000000 0.000000
441.000000 27.179840 27.179825 27.188690 27.178453 0.000000 0.000000 0.000000 0.000000 0.000000 0.000000
451.000000 33.196455 33.196456 33.194894 33.194937 0.000000 0.000000 0.000000 0.000000 0.000000 0.000000
461.000000 31.192634 31.192643 31.187317 31.192379 0.000000 0.000000 0.000000 0.000000 0.000000 0.000000
471.000000 25.464977 25.464983 25.462150 25.465470 0.000000 0.000000 0.000000 0.000000 0.000000 0.000000
481.000000 20.710135 20.710137 20.709183 20.710950 0.000000 0.000000 0.000000 0.000000 0.000000 0.000000
491.000000 18.155075 18.155076 18.155216 18.156250 0.000000 0.000000 0.000000 0.000000 0.000000 0.000000
501.000000 20.067742 20.067741 20.068724 20.069420 0.000000 0.000000 0.000000 0.000000 0.000000 0.000000
511.000000 29.851831 29.851830 29.853065 29.853486 0.000000 0.000000 0.000000 0.000000 0.000000 0.000000
521.000000 36.866586 36.866586 36.866387 36.866416 0.000000 0.000000 0.000000 0.000000 0.000000 0.000000
531.000000 30.275384 30.275385 30.274722 30.274557 0.000000 0.000000 0.000000 0.000000 0.000000 0.000000
541.000000 23.025271 23.025271 23.024839 23.024690 0.000000 0.000000 0.000000 0.000000 0.000000 0.000000
551.000000 17.611170 17.611171 17.610866 17.610704 0.000000 0.000000 0.000000 0.000000 0.000000 0.000000
561.000000 13.558052 13.558052 13.557769 13.557563 0.000000 0.000000 0.000000 0.000000 0.000000 0.000000
571.000000 10.798148 10.798149 10.797773 10.797495 0.000000 0.000000 0.000000 0.000000 0.000000 0.000000
581.000000 10.433450 10.433451 10.432756 10.432358 0.000000 0.000000 0.000000 0.000000 0.000000 0.000000
591.000000 18.711363 18.711365 18.709914 18.709326 0.000000 0.000000 0.000000 0.000000 0.000000 0.000000
601.000000 42.117035 42.117036 42.116243 42.115733 0.000000 0.000000 0.000000 0.000000 0.000000 0.000000
611.000000 37.536899 37.536898 37.537907 37.538332 0.000000 0.000000 0.000000 0.000000 0.000000 0.000000
621.000000 27.503438 27.503437 27.503915 27.504229 0.000000 0.000000 0.000000 0.000000 0.000000 0.000000
631.000000 23.831349 23.831348 23.831523 23.831682 0.000000 0.000000 0.000000 0.000000 0.000000 0.000000
641.000000 23.490155 23.490155 23.490120 23.490214 0.000000 0.000000 0.000000 0.000000 0.000000 0.000000
651.000000 26.743898 26.743898 26.743763 26.743820 0.000000 0.000000 0.000000 0.000000 0.000000 0.000000
661.000000 31.022197 31.022197 31.022145 31.022149 0.000000 0.000000 0.000000 0.000000 0.000000 0.000000
671.000000 30.583678 30.583678 30.583705 30.583680 0.000000 0.000000 0.000000 0.000000 0.000000 0.000000
681.000000 26.528502 26.528502 26.528526 26.528507 0.000000 0.000000 0.000000 0.000000 0.000000 0.000000
691.000000 22.720454 22.720454 22.720465 22.720455 0.000000 0.000000 0.000000 0.000000 0.000000 0.000000
701.000000 21.059802 21.059802 21.059802 21.059801 0.000000 0.000000 0.000000 0.000000 0.000000 0.000000
711.000000 23.548380 23.548380 23.548371 23.548377 0.000000 0.000000 0.000000 0.000000 0.000000 0.000000
721.000000 30.606248 30.606248 30.606241 30.606246 0.000000 0.000000 0.000000 0.000000 0.000000 0.000000
731.000000 33.519128 33.519128 33.519129 33.519129 0.000000 0.000000 0.000000 0.000000 0.000000 0.000000
741.000000 28.630714 28.630714 28.630716 28.630715 0.000000 0.000000 0.000000 0.000000 0.000000 0.000000
751.000000 22.981490 22.981490 22.981491 22.981491 0.000000 0.000000 0.000000 0.000000 0.000000 0.000000
761.000000 18.950094 18.950094 18.950094 18.950094 0.000000 0.000000 0.000000 0.000000 0.000000 0.000000
771.000000 17.760754 17.760754 17.760754 17.760754 0.000000 0.000000 0.000000 0.000000 0.000000 0.000000
781.000000 22.776731 22.776731 22.776730 22.776731 0.000000 0.000000 0.000000 0.000000 0.000000 0.000000
791.000000 34.728513 34.728513 34.728513 34.728513 0.000000 0.000000 0.000000 0.000000 0.000000 0.000000
801.000000 35.315841 35.315841 35.315841 35.315841 0.000000 0.000000 0.000000 0.000000 0.000000 0.000000
811.000000 27.096703 27.096703 27.096703 27.096703 0.000000 0.000000 0.000000 0.000000 0.000000 0.000000
821.000000 20.592850 20.592850 20.592850 20.592850 0.000000 0.000000 0.000000 0.000000 0.000000 0.000000
831.000000 15.721546 15.721546 15.721546 15.721546 0.000000 0.000000 0.000000 0.000000 0.000000 0.000000
841.000000 12.025651 12.025651 12.025651 12.025651 0.000000 0.000000 0.000000 0.000000 0.000000 0.000000
851.000000 9.296863 9.296863 9.296863 9.296863 0.000000 0.000000 0.000000 0.000000 0.000000 0.000000
861.000000 7.740745 7.740745 7.740745 7.740745 0.000000 0.000000 0.000000 0.000000 0.000000 0.000000
871.000000 9.750475 9.750475 9.750475 9.750475 0.000000 0.000000 0.000000 0.000000 0.000000 0.000000
881.000000 26.612446 26.612446 26.612446 26.612446 0.000000 0.000000 0.000000 0.000000 0.000000 0.000000
891.000000 47.126057 47.126057 47.126057 47.126057 0.000000 0.000000 0.000000 0.000000 0.000000 0.000000
901.000000 32.696218 32.696218 32.696218 32.696218 0.000000 0.000000 0.000000 0.000000 0.000000 0.000000
911.000000 27.444230 27.444230 27.444230 27.444230 0.000000 0.000000 0.000000 0.000000 0.000000 0.000000
921.000000 26.452850 26.452850 26.452850 26.452850 0.000000 0.000000 0.000000 0.000000 0.000000 0.000000
931.000000 26.866032 26.866032 26.866032 26.866032 0.000000 0.000000 0.000000 0.000000 0.000000 0.000000
941.000000 27.700255 27.700255 27.700255 27.700255 0.000000 0.000000 0.000000 0.000000 0.000000 0.000000
951.000000 27.940947 27.940947 27.940947 27.940947 0.000000 0.000000 0.000000 0.000000 0.000000 0.000000
961.000000 27.245591 27.245591 27.245591 27.245591 0.000000 0.000000 0.000000 0.000000 0.000000 0.000000
971.000000 26.241842 26.241842 26.241842 26.241842 0.000000 0.000000 0.000000 0.000000 0.000000 0.000000
981.000000 25.814917 25.814917 25.814917 25.814917 0.000000 0.000000 0.000000 0.000000 0.000000 0.000000
991.000000 26.464443 26.464443 26.464443 26.464443 0.000000 0.000000 0.000000 0.000000 0.000000 0.000000
